Example input files. Change “aNPUT” to “INPUT” for one of them top chose relevant one (or make your own)


EAST example



&INPUT
 iJETdata=0,
 factempJET=1.0,1.0,1.0,1.0,2.5,1.0,
 namecase='JET',shortname=' ',          
 N0=3.5e19,
 N1=1.e19,
 nspeci=5,
 z=1.,1.,1.,4.,74.,1.,2.,
 a=2.,1.,2.,9.,184.,1.,3.,
 concentr=0.92,0.08,0.000004,0.000005,0.0000001,0.000001,
 ichargeneut=1,
 IAUTO=1,
 IL=2,1,4,3,6,5,8,7,9,10,12,11,
 IR=1,2,3,4,6,5,7,8,9,10,12,11,
 ap=0.45,R0=1.85,
 B0=2.35,
 IDSHAPE=1,xkap=1.3,del0=-1.e-2,delt=0.5,
 T0=5*4e3,50.e3,3*7.e3,
 T1=5*1.e2,25.e3,3*1.e2 
 exponn=8*0.7,
 expont=1.,3*1.,4*1.,
 frek=34e6,
 ntor=16.,
 xleft=-0.420000000948,
 xleftin=-0.41599000000947,
 xrightin=0.415999e0,
 xright=+0.42e0,
 numLFS=27,numHFS=27,
 zleft=0.000003e-0,zright=0.00003e-0,
 iautobreak=0,
 xDensL=6*-6.96783057,
 DensL=13212985.4375,
 rhoLN=6*6.968073466,
 xDensR=6*+6.324176129344920e0,
 DensR=3.000000005699540e18,
 rhoRN=6*6.356842106321073,
 LambdaN=9*0.05,
 xTempL=-6.979646429,8*-6.978576335,
 TempL=1.1486e-7,8*5.22264e-8,
 rhoLT=6.97655443,8*6.978605725,
 xTempR=9*+6.346149095244825,
 TempR=4*8.31826431031908e0,5*20.50281e3,
 rhoRT=9*6.340434577329017,
 LambdaT=9*0.05,
 icollis=0,
 colfreq=6*1.e-2,
 iasymp=0,
 ky=0.,
 IDISP=1,ISAME=0,IPRINT=0,ITEST=0,
 IHFS=0,ILAUNCH=1,
 inewBC=1,xANT=0.96,JyANT=1.e+3,JfiANT=1.e-3,
 SOURCEL=(1.,0.E+0),5*(0.E+0,0.E+0),
 SOURCER=(1.0e0,0.E+0),5*(0.E+0,0.E+0),
 iRadia=0,iDirect=0,iiDirect=13,
 iVminS=0,
 inewEyz=1,
 ishift1=6,ishift2=7,ishift3=8,
 idrop=0,0,0,0,0,0,0,0,
 iEinfo=3,xwall=-0.5,  
 irefine=0,
 kinetH=1,kinetL=1,
 idumpHFS=0,
 ialpha=0,ibeam=1,
 W0N= 9*1.0,
 W0T= 9*1.0,
 RHOBEAMN= 9*0.0,
 RHOBEAMT= 9*0.0 ,
 NBEAMMAX= 9*0.0 ,
 TBEAMMAX= 9*0.0 , 
 irhophi=0,rhol=0.9,phil=3.14,rhor=0.9,phir=0.,
 ixors=1,
&end
