&CASEDATA
 TITLEA="TEST                                         ",
 TITLEB="                                             ",
 TITLEC="Self generated CD input                      ",
 IPLOT= 50*0          ,
 ISAME=          0,
 NSPECI=          3,
 NTOR=  30.000000000000000     ,
 FREK=  55500000.000000000     ,
 ZEFF=  1.0000000000000000     ,
 AP= 0.42999999999999999     ,
 R0=  2.5000000000000000     ,
 XKAP=  1.3999999999999999     ,
 DEL0= -5.0000000000000003E-002,
 DELT= 0.80000000000000004     ,
 ILANDAU=          1,
 CONC= 0.96999999999999997     ,  2.9999999999999999E-002, 6*0.0000000000000000       ,
 ITAIL=          1,
 ZION= 2*1.0000000000000000       , 6*0.0000000000000000       ,
 AION=  2.0000000000000000     ,  1.0000000000000000     , 6*0.0000000000000000       ,
 B0=  3.6570000000000000     ,
 LAMBDA=  0.0000000000000000     ,
 IFAST=          1,
 PTOT=  1.0000000000000000     ,
 EMAXEV=  1000000.0000000000     ,
 /
 Minority CD density: 
 MINIMAL at rho =   0.12932330827067670      [m]:
 J_min =    0.0000000000000000      [A/m**2]
 and MAXIMAL at rho =    0.0000000000000000      [m]:
 J_max =    6.8492437536746795      [A/m**2]
   
 (Integrated) driven currents:
 Total     :   3.7441003727432115E-002
 Electrons :   1.1035002525987621E-003
 Minority  :   3.6337503474833381E-002
 (assuming minority is species number            1 )
   
